831000000270006000000009001050001600700902050063000009006017005000000000000008093
831574962279136548645829731952341687718962354463785219396417825584293176127658493
560801000010000008000500070159600002600900031000000000090108050000070006070000800
567841923314792568928563174159637482642985731783214695496128357835479216271356849
570006000008504000006000030000000000100000800030080200080001060605300020010005073
571936482328574619946128735859712346162453897437689251783291564695347128214865973
410006000709800020000300000000090002600008100200007940120000000908600000064000208
412976385739854621856321479547193862693248157281567943125489736978632514364715298
300060090004200006000000200003900000400000508080020900670000035208000000009308007
325861794814279356967543281753984162492136578186725943671492835238657419549318627
000600340000004001000010906700001008000500090900800130040007800090405013007100059
271689345639754281584213976763941528418532697952876134145397862896425713327168459
000024000000030050005000100500000600802350901900806300410000030000000200029000418
186524793794631852235978164543192687862357941971846325417289536658413279329765418
001009050003005109070000034300000080200408500085391070000503200000000010000000000
421839756863745129579126834394257681217468593685391472948513267732684915156972348
000010065006000000040000807100600090005003000098004003081400376000000004070000050
327819465816547932549236817134672598265983741798154623981425376653791284472368159
010000000000300540200000000000000700090504028300100400004005002000000890000809001
415796283879321546236458917148962735697534128352187469984615372561273894723849651
005000100200041306008000070700005810400070200020100000000003080000002060000000401
365927148279841356148356972796235814481679235523184697652413789814792563937568421
000090500790603000360002000040000000600009800000357600900000200400000000050280430
214798563795643128368512947549861372673429851821357694936174285482935716157286439
008200705300000000007000890071000208000900050602008930010800000006000000809370020
168239745394587612527641893971453268483962157652718934215894376736125489849376521
000850071052600800000030200000000120360008400000000000071005000006003005000180006
439852671152674839687931254798546123365218497214397568971465382846723915523189746
000050800080100030379008000002900000000071000700400009015000008030000000047205310
621357894584129637379648521162983475498571263753462189215736948936814752847295316
001830000600200010070000000000040700009003006002000130093000064400000000006000820
951836472634257918278419653365142789189573246742968135893721564427685391516394827
089000074000020901000000002000160000000200008000795200500000086046000000170084000
289516374435827961761439852324168795957243618618795243592371486846952137173684529
560000900000000630003800000705900006940000000000000807001403000430000071000017008
564371982187592634293864715715938426948726153326145897871453269432689571659217348
000085000150460007700300200028003060070004030001070048014000003060000000005000000
942785316153462897786391254428913765679854132531276948814529673367148529295637481
700310250000207900000000000000452700000009020050700001030004070108000003090000800
769318254583247916241695387916452738374189625852763491635824179128976543497531862
503810020002004000080000000060390840900000300024600005201530000009008000050401000
593816724612754983487923516165392847978145362324687195241539678739268451856471239
000750002007300900302086705060000000800000000000870000030008040200635000690200000
986751432157324968342986715469512387873469521521873694735198246214635879698247153
610050700000000086040030900000000030000500107100900560000009010060100000030470805
619854723573291486842637951456718239398562147127943568785329614964185372231476895
000000090860000105000206700080002000510900000097000050709000008020007006000000301
471385692862794135935216784386572419514938267297641853749163528123857946658429371
003005400068430091000000000070300000306000709850070036047000000100050000005089000
713295468568437291492861573971346852326518749854972136647123985189654327235789614
007206058960000003080019700018000000000000001500070280026581000000002000300700000
137246958962857143485319762218695374673428591549173286726581439854932617391764825
000008230300090081000000905000780000000509402007210000280001300000800000000003049
759168234362495781841372965924786513618539472537214698286941357493857126175623849
000001002000003004300000070000190050000000000025040630169700405050004020042010000
576481392298673514314259876437196258681325749925847631169732485853964127742518963
402007150005002070903000000009000000047000030000000801030400590004009200500080000
482967153615832479973145682829513764147628935356794821238471596764359218591286347
108420300030900010200008090800030000000000700040100260000040003000000607004006900
198425376435967812267318495826734159951682734743159268679241583512893647384576921
400000000200000000000050000000040060006208007500009002008012009100007050040900710
471826395285193476693754821827541963916238547534679182758412639169387254342965718
000000070000000450000930100010486030090500004000001008700600580000000600006814000
962145873831762459475938126217486935698573214354291768743629581189357642526814397
000000004009023000216000700061040007000000360008600201000000030430006009000100008
853761924749523186216498753561342897924817365378659241185974632437286519692135478
089000000000170000000000000460510000900003800050740301000056108000000003700300590
589634217634172985127895436463518729971263854258749361392456178815927643746381592
035180240104003000280000000009600080508000000000030100000800060840002000006350000
635189247194273658287546931319625784578491326462738195953817462841962573726354819
050109030009406050064027109000000000000600700020700000005000003070205400040000060
752189634189436257364527189537912846891643725426758391215864973673295418948371562
000309000000400100000010000700100035090600007010097200006500000900074500001030720
157329684839465172624718359768142935492653817315897246276581493983274561541936728
000000964000000000000690200073001000908240006006700800000400008009318007000020130
182573964694182753735694281273861549918245376456739812321457698569318427847926135
000010008080000001940000000000130026000080050100400003000302080405000390006000005
253914768687523941941678532598137426374286159162495873719352684425861397836749215
020500008108900040500300097000009000050000000904070081000140900070000000400008050
729564318138927645546381297813459762257816439964273581685142973371695824492738156
320090050700058632000004007400007000065000000200900000000060004004000096078000000
321796458749158632856324917493617285165283749287945163932561874514872396678439521
006092000000400009003008040000500100094100002200000085000003000008000906300001000
416792853782435619953618247837526194594187362261349785649873521178254936325961478
600000700039000008405039200000070080200008630070500400002300000000004000000600074
621845793739216548485739216316472985254198637978563421842357169167984352593621874
000000400075060020420003000087030600650000308000000017000000080038000500000007046
816275439375964821429813765287139654651742398943658217764521983138496572592387146
801000300320590000000600012109000403000040050046020900000050000000400800600002009
861274395327591684495638712179865423238947156546123978784359261952416837613782549
089000702000000100000000000070081000200709500050026004060070028007000400800002060
589614732643297185712835649476581293238749516951326874165473928327968451894152367
006000002172000060000000057009543100050100200704000900400607000000054000200900000
546798312172435869398216457829543176653179284714862935431627598987354621265981743
300090004095600700860000000000000003600031805430008096000903000000000910050000000
371295684295684731864317259518769423629431875437528196182943567743856912956172348
007008005000000000201600000006000020040520070050407100000000000400260010300000807
967318245534972681281654793796831524143526978852497136619783452478265319325149867
200000000048500026507302000000075004000408790000000000682009070000000000000000830
269841357348597126517362948823975614156428793794613582682139475935784261471256839